Movie Report
------------

Frame #    Frame Bytes    Total Bytes    Page
-------    -----------    -----------    ---------------
    1          1081           1081        Scene 1
    2            52           1133          2
    3            54           1187          3
    4            52           1239          4
    5            54           1293          5
    6            52           1345          6
    7            52           1397          7
    8            54           1451          8
    9            50           1501          9
   10            54           1555          10
   11            50           1605          11
   12            54           1659          12
   13            52           1711          13
   14            54           1765          14
   15            52           1817          15
   16            52           1869          16
   17            54           1923          17
   18            46           1969          18
   19            54           2023          19
   20            54           2077          20
   21            52           2129          21
   22            52           2181          22
   23            54           2235          23
   24            52           2287          24
   25            52           2339          25
   26            52           2391          26
   27            54           2445          27
   28            54           2499          28
   29            54           2553          29
   30            52           2605          30
   31            52           2657          31
   32            52           2709          32
   33            52           2761          33
   34            40           2801          34
   35          3710           6511          35
   36           102           6613          36
   37           122           6735          37
   38           122           6857          38
   39           122           6979          39
   40           102           7081          40
   41           122           7203          41
   42           102           7305          42
   43           122           7427          43
   44           102           7529          44
   45           585           8114          45

Page                       Shape Bytes    Text Bytes
-----------------------    -----------    ----------
Scene 1                           0             0

Symbol                     Shape Bytes    Text Bytes
-----------------------    -----------    ----------
button                            0             0
contact us                      266           122
intro                           270            92
Top 40                          261            94
what we sell                    284           156
aboutus                         345            88
name                            230            69

Font Name                  Bytes       Characters
-----------------------    --------    -----------
Nasalization                 1255         04CSTabceinoprstu
Nasalization Bold             718         acijlmpstuy
